000101100
001010111
001111000
101001111
101001111
101001111
101001111
101000100
000101100
011010000
101000001
011010000
101000001
011010000
101000001
011010000
001111010
010010000
101100010
010010001
000001100
001010000
000011100
001010001
000000101
001010000
000101100
100111111
111100010
111011011
101101111
101101111
101101111
101101111
101101111
101101111
101101111
101101111
101101001
011000010
010111000
000001100
001010000
100111111
111100010
111010000
000001101
110000010
110010010
001010000
000101100
101100001
100000010
111110101
010111000
000101100
001010001
101011111
101011111
101011111
101011111
101011111
100111111
111100010
111010011
101011111
101011111
101011111
101011111
101011111
101011111
101011111
100111111
111100011
100111111
111111010
101011111
101011111
101011111
101011111
101011111
000000101
001010011
001111000
100111111
111100010
111010110
101000001
010000000
000000101
101100001
001010100
000101100
001010001
001011000
000000111
001010011
001111000
011011000
101000001
011100000
001111000
101000010
010000000
000001100
001010000
000001101
110000010
100111111
111100010
111011000
110010010
001010000
000101100
101100001
100000010
111111110
001111000
101000010
010000000
000101100
001010001
101011111
101011111
100111111
111100010
111010000
101011111
101011111
101011111
101011111
101011111
101011111
101011111
101011111
101011111
101011111
101011111
101011111
100111111
111100010
111001111
101011111
101011111
100111111
111100011
100111111
111110111
101011111
000000101
001010011
001111000
101000011
010000000
000000101
101100001
001010100
000101100
001010001
001011000
000000111
001010011
001111000
101000010
011011000
101000001
100111111
111100010
111011011
011100000
001111010
101100001
010010110
101100010
010010100
000101100
001010101
001010011
001100000
000001000
001010000
000001001
001010000
000101100
100111111
111100010
111001000
100111111
111100010
111010101
101100001
100000010
111111010
001111010
101101111
101101111
101101111
101101111
101100100
101100011
010010000
001110001
000000110
001010001
000101100
100111111
111100010
111010101
001010000
100111111
111100010
111010110
110010000
101101111
101101111
101101111
100111111
111100011
100111111
111110001
101101111
101101111
101101111
100111111
111100010
111010010
101101111
101101111
101101000
011000010
001111010
101101111
101101111
101101111
100111111
111100011
100111111
111111000
101101111
100111111
111100010
111011110
101100100
101100011
100111111
111100010
111010101
011001010
001111010
101101111
101101111
101101111
101101111
101100100
101100010
010010000
000101100
101101111
101101111
100111111
111100011
100111111
111110100
101101111
101101111
101101111
100111111
111100010
111010110
100111111
111100010
111011110
101101111
101101111
101101111
101101000
010010001
000000110
001010000
001101001
100111111
111100011
100111111
111110001
000000110
001010000
001111010
100111111
111100010
111010101
101101111
101101111
101101111
101101111
101100100
100111111
111100010
111011010
101100010
011000010
110000110
110010101
110100100
101110001
000101100
101101000
100011010
111100010
111010011
001111010
010010110
101100011
010010100
100111111
111100010
111010010
000101100
001010101
001010011
001100000
000001000
001010000
000001001
001010000
000101100
101100001
100111111
111100010
111001001
100000010
111111001
001111010
101101111
100111111
111100010
111010100
101101111
101101111
101101111
101100100
101100010
010010000
001110001
000000110
001010001
000101100
100111111
111100010
111010100
001010000
110010000
101101111
101101111
100111111
111100011
100111111
111110111
101101111
101101111
101101111
100111111
111100010
111011011
101101111
101101111
101101111
101101000
011000010
100111111
111100010
111010110
001111010
101101111
101101111
101101111
101101111
101100100
100111111
111100011
100111111
111111000
101100010
011001010
001111010
100111111
111100010
111011000
101101111
101101111
100111111
111100010
111010101
101101111
101101111
101100100
101100001
010010000
000101100
101101111
101101111
101101111
101101111
100111111
111100011
100111111
111111001
101101111
101101111
101101111
101101111
101101000
100111111
111100010
111010110
111100010
111011101
010010001
000000110
001010000
001101001
000000110
001010001
000101100
001010000
110010000
101101111
101101111
101101111
100111111
111100011
100111111
111111000
101101111
101101111
101101111
100111111
111100010
111011000
101101111
100111111
111100010
111011010
101101111
101101000
011000010
001111010
101101111
101101111
101101111
101101111
101100100
101100001
011001010
100111111
111100011
100111111
111111001
100111111
111100010
111010110
001111010
101101111
101101111
101101111
100111111
111100010
111011001
101101111
101100100
010010000
000101100
101101111
101101111
101101111
100111111
111100010
111010001
101101111
101101111
100111111
111100011
100111111
111110101
101101111
101101111
101101111
101101000
010010001
000000110
100111111
111100010
111011001
001010000
001111010
100111111
111100010
111010100
101101111
101101111
101101111
101101111
101100100
011000010
110000110
110010101
110100100
101110001
000101100
101101000
100111111
111100010
111010100
100011010
111100010
111010010
001111010
101100001
010010110
101100001
010010100
000101100
001010101
001010011
001100000
000001000
001010000
000001001
001010000
000101100
101100001
100000010
111111001
001111010
101101111
101101111
101101111
100111111
111100010
111011011
100111111
111100010
111010010
101101111
101100100
101100010
010010000
001110001
000000110
001010001
000101100
001010000
110010000
101101111
101101111
100111111
111100011
100111111
111111001
100111111
111100010
111010011
101101111
101101111
100111111
111100010
111011011
101101111
101101111
101101111
101101111
101101000
011000010
001111010
101101111
101101111
101101111
101101111
101100100
101100010
011001010
100111111
111100011
100111111
111110101
100111111
111100010
111011010
100111111
111100010
111011000
001111010
101101111
101101111
101101111
101101111
101100100
101100001
010010000
000101100
101101111
101101111
101101111
100111111
111100011
100111111
111110101
101101111
100111111
111100010
111010111
111100010
111010110
101101111
101101111
101101111
101101111
101101000
010010001
000000110
001010000
001101001
000000110
001010001
000101100
100111111
111100011
100111111
111110111
001010000
110010000
100111111
111100010
111010111
111100010
111010111
101101111
101101111
101101111
101101111
101101111
101101111
101101111
101101111
101101000
011000010
001111010
101101111
101101111
100111111
111100011
100111111
111110110
101101111
101101111
100111111
111100010
111011000
101100100
100111111
111100010
111011010
101100001
011001010
001111010
101101111
101101111
101101111
101101111
101100100
010010000
000101100
100111111
111100011
100111111
111111101
100111111
111100010
111010101
101101111
101101111
101101111
101101111
101101111
101101111
101101111
101101111
101101000
100111111
111100010
111011101
010010001
000000110
001010000
100111111
111100010
111010010
001111010
101101111
101101111
101101111
101101111
101100100
011000010
110000110
110010101
110100100
101110001
000101100
101101000
100111111
111100010
111010110
100011010
111100010
111010011
001111010
010010110
101100010
010010100
000101100
001010101
001010011
001100000
000001000
001010000
000001001
100111111
111100010
111010001
001010000
000101100
101100001
100000010
111110110
001111010
101101111
100111111
111100010
111010000
101101111
101101111
101101111
101100100
101100001
010010000
001110001
000000110
001010001
000101100
001010000
110010000
100111111
111100010
111011001
111100011
100111111
111110100
100111111
111100010
111010101
101101111
101101111
101101111
101101111
101101111
101101111
101101111
101101111
101101000
011000010
001111010
101101111
101101111
101101111
100111111
111100011
100111111
111110100
100111111
111100010
111010101
111100010
111011101
101101111
101100100
101100001
011001010
001111010
101101111
101101111
101101111
101101111
101100100
010010000
000101100
100111111
111100011
100111111
111111000
101101111
101101111
100111111
111100010
111010111
101101111
101101111
101101111
100111111
111100010
111011011
101101111
101101111
101101111
101101000
010010001
000000110
001010000
001101001
000000110
001010000
100111111
111100011
100111111
111101011
100111111
111100010
111010111
001111010
101101111
101101111
101101111
101101111
101100100
011000010
110000110
110010101
100111111
111100010
111011101
110100100
101110001
000101100
101101000
100011010
111100010
111010011
000101100
101101111
101101111
101101111
101101111
101101111
101101111
101101111
100111111
111100010
111010010
101101111
101101001
010010000
110000000
110010000
000001001
001010000
000101100
100111111
111100010
111001011
101100001
100000010
111110110
001111010
101101111
101101111
101101111
101101111
101100100
010010011
101100001
010010100
101100001
010010101
101100001
010010110
100111111
111100010
111010011
000101100
001010001
101011111
100111111
111100011
100111111
111110111
101011111
101011111
101011111
101011111
101011111
101011111
101011111
101011111
101011111
101011111
101011111
101011111
101011111
101011111
100111111
111100010
111011000
101011111
101011111
001011000
100111111
111100011
100111111
111111000
000000101
001010011
001100000
000000101
001010100
001101000
000000101
001010101
001110000
000000101
001010110
000101100
001010001
001110000
100111111
111100010
111011000
101000001
001000110
001101000
000000111
100111111
111100011
100111111
111111000
001010101
001100000
000000111
001010100
001011000
000000111
001010011
001111010
101101111
101101111
101101111
101101111
101100100
011011010
100111111
111100010
111011001
101100001
011100010
101100001
011101010
101100001
011110010
001111000
101000100
001000111
000101100
101101111
101101111
101101111
101101111
101100100
100111010
111100010
111010010
111000000
