000101100
001010000
101001111
101001111
101001111
101001111
101001111
101001111
101001111
101001111
101001111
101001111
101001111
101001111
101001111
101001111
101001111
101001111
101001111
001010001
101101111
101101111
101101111
101101111
101100110
011000010
101100001
011000010
101100001
011001010
101100001
011001010
000101100
001010111
001111000
101000010
001000110
000101100
010110000
110000000
001010000
110010000
010111001
110000001
001010001
110010001
000000101
100110111
111100010
111001100
001010011
001110000
100110111
111100010
111010100
101000001
010000000
000101100
101101111
101101111
101101111
101101111
101101111
101101111
101101111
101101111
101101111
101101111
100110111
111100010
111010000
101101111
101101111
100110111
111100010
111011010
101101111
101101111
101101111
101101111
101101111
001010001
000000101
001010001
001111000
101000001
010000000
000000110
001010100
100110111
111100010
111010101
000101100
110010010
001010101
001100010
101100001
001010100
000101100
110010010
001010000
100110111
111100010
111011100
001101001
000000110
001010101
010110000
000101100
101101111
101101111
101101111
101101111
101101111
101101111
101101111
100110111
111100010
111011011
101101111
101101111
101101111
101101111
101101111
101101111
101101111
101101111
101101111
101101111
100110111
111100010
111011100
001010001
000000101
001010001
010111000
000000110
110010011
001010000
001101001
000000110
110010011
001010101
000101100
001010000
100110111
111100010
111011101
001010001
110100011
110010000
110100011
110010001
000000110
001010000
001011001
000000101
001010011
100110111
111100010
111011101
000101100
101100001
100011010
111111101
000101100
101101111
101101111
101101111
101101111
101101111
101101111
100110111
111100010
111011011
101101111
101101111
101101111
101101111
101101111
101101111
101101111
101101111
101101111
101101111
101101111
100110111
111100010
111011100
001010000
001100001
100110111
111100011
100110111
111110001
000000101
001010100
001101001
000000101
001010101
001100000
101000001
100110111
111100010
111011110
001000100
000101100
001010001
001101000
000000111
001010101
000101100
101101111
101101111
101101111
101101111
100110111
111100010
111011110
101100110
010010011
101100001
010010010
100101011
111101111
000101100
101101111
101101111
101101111
101101111
100110111
111100010
111011100
101100110
011101010
101100001
011100010
100110111
111111011
001101000
001011001
001010011
000000101
001010000
100110111
111100010
111011100
000101100
101100001
100000010
111101111
100100011
111101101
000101100
101101111
101101111
101101111
101101111
100110111
111100010
111011100
101100110
011101010
101100001
011100010
000101100
101101111
101101111
101101111
101101111
101101000
010010011
100110111
111100010
111011100
101100001
010010010
100011101
111101111
000101100
101101111
101101111
101101111
101101111
101101000
011101010
100110111
111100010
111011100
101100001
011100010
100110111
111111011
001101000
001011001
001010011
000000101
001010000
000101100
101100001
100110111
111100010
111011100
100000010
111101111
100011100
111101101
000101100
101101111
101101111
101101111
101101111
101101000
011101010
100110111
111100010
111011100
101100001
011100010
001110000
101000010
001000110
000101100
101101111
101101111
101101111
101101111
101100100
100110010
111100010
111011100
001111000
101000010
001000111
000101100
101101111
101101111
101101111
101101111
100111010
111100010
111011001
111000000
