000101100
001010000
101001111
101000001
001010001
101101111
101101111
101101111
101101111
101100100
011000010
101100001
011001010
000101100
001010111
001111000
101000010
001000110
010111000
010110001
000000101
001010100
100110111
111100010
111001001
001110000
101000001
001000110
001111000
101000001
001000011
100110111
111100010
111001111
010011000
010110001
000000101
001010101
000101100
001010000
001010001
001010011
110100100
000000111
001010000
110100101
100110111
111100010
111011000
000000111
001010000
101110001
000101100
101101000
100011010
111100010
111001110
000101100
101101111
100110111
111100010
111011100
101101111
101101111
101101111
101100100
010010100
100000100
111100010
011000010
101100001
010010101
100101000
111100101
100110111
111100010
111011100
011000010
001110000
101000001
001000110
000101100
101101111
101101111
101101111
101101111
101100100
100110010
111100010
111011100
001111000
101000010
001000111
000101100
101101111
101101111
101101111
101101111
100111010
111100010
111011000
111000000
